83949
342071
748552
1343353
2083350
2982304
4053117
5307758
6769332
8264746
9941764
11996008
14077046
16590291
18623735
21429119
24278191
26851109
30160806
33594980
36875329
40942017
43991704
48163278
52040991
56366361
60876990
65689090
70691541
75388906
80482144
85324047
91328388
96544957
100808167
108314193
113910660
120845604
127050777
134177890
140608117
148131740
154045107
159743443
168985555
175863861
183897954
191272302
200136180
208994619
217488539
224244955
233466237
244314309
252869728
261740676
268795307
279587191
290287078
298737637
310168608
320423382
330941601
340364535
354404448
365326313
373458947
384619064
398865005
408714383
418968219
430483730
443221653
455464263
467582761
483426640
494531632
507299559
517821880
533453174
542040860
564040453
573344958
588933946
604735247
614744122
626297987
643767881
660260045
675277775
692197930
709366568
721014204
735778019
749082232
765386012
784217085
803447038
818753474
832260846
