3
18
30
52
76
110
156
225
254
312
367
508
559
603
675
777
869
994
1180
1396
1483
1550
1605
1739
1870
2067
2201
2378
2541
2744
2899
3077
3281
3493
3648
3919
4127
4359
4612
4836
5074
5344
5651
5828
6131
6384
6641
6947
7238
7554
7841
8116
8503
8873
9134
9839
9799
10357
10675
10829
11508
11592
11985
12645
12964
13803
13498
13884
14390
14877
15175
15604
17090
16514
16895
17431
17846
18360
18834
19443
19836
20714
20827
21255
21836
22298
22589
23294
23842
24363
25009
25635
27597
26870
27409
27757
29256
29030
29683
30158
