3
15
25
53
87
118
163
210
267
345
417
515
603
726
828
958
1073
1244
1363
1511
1671
1830
2004
2196
2412
2618
2804
3014
3260
3461
3729
3981
4457
4509
4799
5058
5348
5653
6072
6372
6653
7271
7310
7719
8043
8379
8762
9472
9527
9945
10354
10752
11180
11606
12072
12843
13316
13763
13949
15220
15679
15405
16070
16424
17441
17553
18411
18800
19138
20493
20966
20926
21413
22052
22739
23294
23861
24570
25248
26116
27187
27368
27887
28607
29309
29803
30833
31308
32172
33195
33789
34579
35464
35948
36541
37438
38251
39055
39836
41048
