251932
998349
2225656
4001240
6306200
8863600
12345260
15873003
20066692
25045854
30744069
35740543
42032070
49255936
55890563
64342363
71921028
80616253
90352179
100327286
110836191
120823740
132179213
144191554
155857819
169322650
182680277
196836355
211497075
224585752
239853498
256286003
272810582
289317162
306278496
323802473
339471549
359789007
377096826
400805750
421820176
443046348
463496602
485077486
506844648
528365699
553899494
578436540
603112030
623337162
650097728
677649479
700871674
729218434
757371604
784815337
812493956
843280628
871859368
905112523
930102671
961709478
992537496
1023246319
1047776099
1088191908
1121369944
1160144980
1187027670
1225410743
1258135244
1296541200
1333382436
1371309395
1407608220
1446491847
1480575538
1522950702
1567429080
1596736120
1645341724
1677754232
1720016291
1763183915
1808061817
1847350083
1889970671
1938200327
1982483403
2027339789
2070919663
2115295939
2168027353
2196647582
2250204318
2304963214
2355615963
2414615954
2443305296
2491334700
