354427
1430486
3190539
5712155
8901452
12923754
17410051
22834477
28826184
35792672
43256908
51708516
60602221
70239204
80028255
91413371
103207850
115820570
129433867
143127568
157661419
173543595
189238777
205758851
223219728
241644583
260992147
280180482
300866363
321289486
343574608
367578661
389513041
413173018
437637327
462845033
488806085
515888098
544331130
572889665
601023413
630131308
660469759
691425791
724608758
757280285
790366425
824501634
857814290
893183170
931305952
967961755
1002651700
1042284394
1081783561
1120750513
1162560736
1201274274
1243608148
1288558368
1329505313
1373809009
1421316010
1466004737
1509677799
1558669845
1603754085
1652267220
1703983241
1754324862
1802746160
1854057682
1907148945
1956734455
2011478764
2065914975
2121145162
2176983437
2231087881
2288098616
2348882212
2401931049
2466170354
2521763356
2580953133
2648545436
2708513022
2770847065
2832643563
2896739964
2957233766
3027416237
3092040897
3159241570
3230434812
3297827330
3371205449
3438034246
3502203097
3575847967
