4
19
26
53
69
109
144
193
239
297
362
440
524
607
717
807
924
1034
1185
1280
1626
1624
1734
1967
2229
2207
2632
2879
3150
3174
3126
3666
3815
3927
4098
4802
4488
4773
5082
6493
5590
5934
6139
6411
6696
7014
7514
7692
7969
8324
8687
8973
9283
9831
10080
10749
10984
11132
11569
12034
12565
12785
13740
13740
15062
14778
15273
16195
15952
16447
17198
17535
17794
18386
18822
19350
19848
20645
20923
21504
22146
23288
23703
24043
24448
25313
25381
26023
26672
27863
27934
28719
29415
29936
30908
31856
33426
32355
32976
33623
