1468295
3661640
6271964
8885784
12240871
15204050
18818558
22000414
25996307
28718133
33361131
35892978
41984559
45731147
49661024
54028350
56593202
61964455
65372364
69210853
75900797
78714111
84677319
89466432
92886581
99459138
104413568
110157181
112762553
121828436
124931188
131487658
135980581
142387731
143508997
154545000
159201985
162308548
167690462
172619053
172896615
181226614
186532036
198437225
199344892
200964665
211193862
207802679
220421663
223913928
239341894
238112327
240601220
245691922
256454430
261941425
270091565
274527052
276209773
287203718
286201925
297147638
308754395
307769211
317177130
321934797
334948501
339092420
334812098
356606131
354005213
371334464
379694817
377373071
377190582
376622837
392699528
396257804
405747278
422156157
418176547
413048295
448610687
447827779
445549254
465909039
443162674
470302412
497644417
488500810
492604459
493791671
507979620
511125910
501912976
516121884
528924800
539663968
535047549
553553058
