1530654
3666088
5677161
8881630
12144154
13698619
17406088
21709926
23001149
28478846
29161652
34929549
36219590
42271044
42073990
54112783
60157565
56593537
58312234
68472816
70186152
70977458
92334169
83167493
86766110
86596289
93115191
101671133
100154880
100635880
106146454
133932568
127752701
140595212
123345552
138825135
131829984
145372550
142196586
165174777
185281375
161373176
164656946
170001284
171537072
216053116
173551461
201056352
204005879
203383489
206863204
214131492
223574337
226262564
222974806
241378753
236970445
242613065
468294515
243759886
249454433
256617817
250597409
340374198
287312644
300468816
291377727
341975059
325426276
299108709
295372338
330112482
313557224
316693385
328102936
341972365
330793652
349014521
421874876
408124799
375539811
446353318
382786231
392681955
392672965
393191863
388770371
420716830
411348883
412207637
425220924
494978590
452627743
428796754
439548971
506454730
443807340
483825267
462847740
500906041
