1337051
3274897
5468794
7671949
10394441
13067013
16125545
18302131
22168501
24732599
28030201
31120188
34704243
37807351
41502159
44707384
49560345
52925017
56116413
60643755
63506112
67707794
70443759
74741547
78447777
82444117
88106190
92527215
95532525
101847112
103748671
109733447
114679078
116590664
121292877
128876305
129939410
135066356
138617465
145800124
146894227
158578616
157891468
160168597
167846772
173294595
177894399
181573952
183859951
192482306
201255018
198850131
203103677
210854819
217241806
225309012
230559427
229492067
236317946
238601921
243718395
252215175
257273194
256810152
263746405
276044525
276146438
288046695
287119101
291349301
290015884
297266541
311718304
319097848
315489047
329870557
334017944
338256859
344295002
350149985
352134384
359740230
364306391
364758055
381740279
392886018
378286330
386740940
394845365
397259801
407758306
408081079
425535078
421399651
432222231
444155335
448901553
438804218
458825499
456136206
